[Walker2D default (collect_transitions=True, learning_starts=10000)] update_onset_ep=11
  pre_mean_total=1.1284s post_mean_total=37.8802s ratio=33.570
  per-episode: ep learn_s rollout_s eval_s total_s
  01 1.0765 0.0447 0.0000 1.1212
  02 1.0827 0.0479 0.0000 1.1306
  03 1.0842 0.0419 0.0000 1.1262
  04 1.0589 0.0407 0.0000 1.0996
  05 1.0562 0.0403 0.0000 1.0965
  06 1.0823 0.0458 0.0000 1.1281
  07 1.0750 0.0430 0.0000 1.1180
  08 1.1130 0.0416 0.0000 1.1546
  09 1.0933 0.0417 0.0000 1.1351
  10 1.0800 0.0438 0.0430 1.1668
  11 45.3341 0.2226 0.0000 45.5567
  12 29.9853 0.2183 0.0000 30.2036

[Walker2D no transitions (collect_transitions=False, learning_starts=10000)] update_onset_ep=11
  pre_mean_total=1.0651s post_mean_total=25.3326s ratio=23.784
  per-episode: ep learn_s rollout_s eval_s total_s
  01 0.9409 0.1292 0.0000 1.0701
  02 0.9468 0.1209 0.0000 1.0677
  03 0.9513 0.1253 0.0000 1.0765
  04 0.9420 0.1192 0.0000 1.0612
  05 0.9604 0.1164 0.0000 1.0769
  06 0.9571 0.1179 0.0000 1.0750
  07 0.9163 0.1126 0.0000 1.0289
  08 0.9443 0.1185 0.0000 1.0628
  09 0.9491 0.1194 0.0000 1.0685
  10 0.8466 0.1044 0.1174 1.0684
  11 26.2261 0.3135 0.0000 26.5396
  12 23.9455 0.1800 0.0000 24.1256

[HalfCheetah default (learning_start=5000)] update_onset_ep=6
  pre_mean_total=1.5067s post_mean_total=23.1097s ratio=15.338
  per-episode: ep learn_s rollout_s eval_s total_s
  01 0.7410 0.8970 0.0000 1.6381
  02 0.7258 0.8831 0.0000 1.6089
  03 0.7453 0.8661 0.0000 1.6114
  04 0.6485 0.8184 0.0000 1.4669
  05 0.5910 0.7486 0.0000 1.3396
  06 25.5419 0.8894 0.0000 26.4313
  07 25.3447 0.8874 0.0000 26.2321
  08 26.0899 0.8342 0.0000 26.9241
  09 21.6165 0.7929 0.0000 22.4094
  10 20.5697 0.6778 0.6944 21.9419
  11 17.7246 0.7000 0.0000 18.4246
  12 18.6554 0.7489 0.0000 19.4044

[HalfCheetah aligned learning_start=10000] update_onset_ep=11
  pre_mean_total=1.5009s post_mean_total=15.9104s ratio=10.601
  per-episode: ep learn_s rollout_s eval_s total_s
  01 0.6785 0.7981 0.0000 1.4765
  02 0.6683 0.7905 0.0000 1.4589
  03 0.6639 0.7830 0.0000 1.4469
  04 0.6503 0.7868 0.0000 1.4371
  05 0.6592 0.7933 0.0000 1.4525
  06 0.6513 0.7769 0.0000 1.4282
  07 0.6103 0.7775 0.0000 1.3878
  08 0.6590 0.7294 0.0000 1.3884
  09 0.7091 0.7475 0.0000 1.4566
  10 0.6101 0.7533 0.6885 2.0518
  11 16.6659 0.6504 0.0000 17.3163
  12 13.8518 0.6528 0.0000 14.5045